
--- PAGE 1 ---
OBRA: Vivienda Multifamiliar 
UBICACIÓN:  Calle Prof. Manuel Riquelme c/ Calle Cecilio Da Silva Lovera
PROPIETARIO: ADESA E.A.S.
PROFESIONAL: Arq. Zulmira Fernández      
Pat. Mcpal. N°.:  21.998          
SUP. TERRENO:  648,20 m2
Reg. M.O.P.C. Nº : 1.365
SUP. CONST: 1940,08 m2
CTA.CTE.CTRAL.Nº: 15-0411-27
APROB.: RES. N°: 334 AP/P D.O.P. (17/10/2024)
UNIDAD
Area Propia Area Comun
Area Total
Area Propia Area Comun
Area Total % co-prop.
Planta Baja
Const. m2
Const. m2
Const. m2
Terreno m2
 Terreno m2 Terreno m2
 %
Estacionamiento
E01
12,50
5,19
17,69
0,00
5,05
5,05
0,91
E02
12,50
5,19
17,69
0,00
5,05
5,05
0,91
E03
12,50
5,19
17,69
0,00
5,05
5,05
0,91
E04
5,07
5,19
10,26
7,43
2,88
10,31
0,52
E05
6,42
5,19
11,61
6,08
3,27
9,35
0,59
E06
12,50
5,19
17,69
0,00
5,05
5,05
0,91
E07
12,50
5,19
17,69
0,00
5,05
5,05
0,91
E08
10,25
5,19
15,44
2,25
4,44
6,69
0,80
E09
0,00
5,19
5,19
12,50
1,50
14,00
0,27
E10
0,00
7,79
7,79
18,70
2,22
20,92
0,40
E11
0,00
5,83
5,83
14,00
1,66
15,66
0,30
E12
0,00
5,19
5,19
12,50
1,44
13,94
0,26
E13
2,42
5,19
7,61
10,08
2,16
12,24
0,39
E14
7,74
7,49
15,23
10,26
4,32
14,58
0,78
M01
3,13
1,30
4,43
0,00
1,28
1,28
0,23
M02
3,13
1,30
4,43
0,00
1,28
1,28
0,23
M03
3,13
1,30
4,43
0,00
1,28
1,28
0,23
M04
3,13
1,30
4,43
0,00
1,28
1,28
0,23
M05
3,13
1,30
4,43
0,00
1,28
1,28
0,23
M06
3,13
1,30
4,43
0,00
1,28
1,28
0,23
SUB TOTAL
113,18
86,00
199,18
93,80
56,82
150,62
10,24
Dpto 101
63,36
26,45
89,81
0,00
25,72
25,72
4,64
Dpto 102
53,68
22,41
76,09
0,00
21,73
21,73
3,92
Dpto 103
39,99
16,69
56,68
0,00
16,19
16,19
2,92
Dpto 104
39,99
16,69
56,68
0,00
16,19
16,19
2,92
Dpto 105
48,90
20,41
69,31
0,00
19,79
19,79
3,57
Dpto 106
61,13
25,52
86,65
0,00
24,78
24,78
4,47
Dpto 201
63,36
26,45
89,81
0,00
25,72
25,72
4,64
Dpto 202
53,68
22,41
76,09
0,00
21,73
21,73
3,92
Dpto 203
39,99
16,69
56,68
0,00
16,19
16,19
2,92
Dpto 204
39,99
16,69
56,68
0,00
16,19
16,19
2,92
Dpto 205
48,90
20,41
69,31
0,00
19,79
19,79
3,57
Dpto 206
61,13
25,52
86,65
0,00
24,78
24,78
4,47
Dpto 301
63,36
26,45
89,81
0,00
25,72
25,72
4,64
Dpto 302
53,68
22,41
76,09
0,00
21,73
21,73
3,92
Dpto 303
39,99
16,69
56,68
0,00
16,19
16,19
2,92
Dpto 304
39,99
16,69
56,68
0,00
16,19
16,19
2,92
   PLANILLA     DE      CO-PROPIEDAD 
Departamentos
Planta Tipo -  Primer Nivel
Planta Tipo - Segundo Nivel
Planta Tipo - Tercer Nivel

--- PAGE 2 ---
Dpto 305
48,90
20,41
69,31
0,00
19,79
19,79
3,57
Dpto 306
61,13
25,52
86,65
0,00
24,78
24,78
4,47
Dpto 401
63,36
26,45
89,81
0,00
25,72
25,72
4,64
Dpto 402
53,68
22,41
76,09
0,00
21,73
21,73
3,92
Dpto 403
39,99
16,69
56,68
0,00
16,18
16,18
2,92
Dpto 404
39,99
16,69
56,68
0,00
16,18
16,18
2,92
Dpto 405
48,90
20,42
69,32
0,00
19,79
19,79
3,57
Dpto 406
61,13
25,53
86,66
0,00
24,78
24,78
4,47
SUBTOTAL
1228,20
512,70
1740,90
0,00
497,58
497,58
89,76
TOTAL
1341,38
598,70
1940,08
93,80
554,40
648,20
100,00
PROPIETARIO
PROFESIONAL
Planta Tipo -  Cuarto Nivel
